the $t$ is top notch as well .
bread
bread  
the  is  top  notch  as  well  .  
0.03827763126920117  0.04744730546208361  0.2435763567410473  0.25337920871048036  0.19041049539799965  0.18481379287741584  0.04209520954177197  
0.07503385949690551  0.07521125706710716  0.1352153013400046  0.4747587278058277  0.08276517141513154  0.08190852432480543  0.07510715855021813  
0.07021425457975951  0.07048222658909588  0.1570330926190919  0.46948005579001306  0.08187748879723773  0.08058790333159133  0.0703249782932105  
0.07480498415994823  0.07498579771048577  0.13605312793216986  0.47477971240995803  0.08268486939422416  0.08181181372564546  0.07487969466756836  
0.07138077942940095  0.071622972827229  0.1509757850042912  0.47185305477862355  0.08192671277799636  0.08075984357870833  0.07148085160375055  
0.06632952213117077  0.06670437235746901  0.1800011358337467  0.4570637486955931  0.08260474138824345  0.08081207224260745  0.06648440735116959  
0.06621189447340042  0.06659054212978979  0.18074752025049082  0.4565915075312553  0.0826502664708531  0.08083992036628698  0.06636834877792339  
0.06989674102982207  0.07017219995038679  0.1587590161462978  0.46871829504882256  0.08188416406191418  0.08055902547819055  0.07001055828456607  
0.06776718606363862  0.06809843262161888  0.171081168325034  0.4624072954543291  0.08216525996449647  0.08057660313083423  0.06790405444004856  

i have to say they have one of the fastest $t$ in the city .
delivery times
delivery  times  
i  have  to  say  they  have  one  of  the  fastest  in  the  city  .  
0.10830186659591864  0.03142384219712114  0.061386650099361825  0.1400268128191407  0.11672795201883072  0.03142384219712114  0.05767722727529673  0.02408854830500558  0.02236464470776683  0.15493472018113102  0.056141943996182615  0.02236464470776683  0.14941727659246495  0.023720028306891152  
0.05112088160894758  0.05044657851886396  0.05058776801936358  0.053324069279705476  0.051350795773858315  0.05044657851886396  0.050566550484038485  0.050418695817009085  0.0504122756275656  0.3311583562275436  0.050558174409284534  0.0504122756275656  0.0587796790101394  0.050417321077250894  
0.051855444143205746  0.040701167661337107  0.043051121917284815  0.08521716914911211  0.055593461640187525  0.040701167661337107  0.042698196664528995  0.04023683721906385  0.040129918908777276  0.29413357712007154  0.0425588446582105  0.040129918908777276  0.14277923124558523  0.04021394310252091  
0.049812603943915984  0.047497121954781535  0.0479820461278692  0.0573492488547271  0.050601635536669826  0.047497121954781535  0.04790917450710694  0.047401355560485  0.04737930465318588  0.3383982244453552  0.04788040671263377  0.04737930465318588  0.07551581724241811  0.0473966338528839  
0.05835885167537547  0.03612295359252129  0.040912256720370035  0.11273421370418653  0.0654102465027735  0.03612295359252129  0.040194834121284606  0.03517443967944755  0.03495600474833869  0.2563421934477878  0.0399113348822687  0.03495600474833869  0.17367604534982842  0.0351276672349575  
0.05059643274974872  0.042757934027661454  0.04440385853047245  0.07506701176571776  0.053247294448602656  0.042757934027661454  0.044156582324148895  0.0424328116928479  0.0423579490696667  0.30975602042021977  0.04405895621826977  0.0423579490696667  0.12363248410259654  0.042416781552719295  
0.05181715353955304  0.04074969445620904  0.04308111321793699  0.08496091071434148  0.05552712682679233  0.04074969445620904  0.04273096780747086  0.04028903097357713  0.04018295708337344  0.29451191522576814  0.042592713899069816  0.04018295708337344  0.1423574470468119  0.040266317669513337  
0.05075359042833692  0.04242658157921083  0.04417578468627635  0.0766044665644969  0.0535665018920961  0.04242658157921083  0.04391300304286006  0.04208104617187939  0.042001483093968374  0.3073014167559096  0.043809253971231164  0.042001483093968374  0.12687479760285378  0.042064009537701307  
0.0524142288704653  0.040052276329589194  0.042660744394474745  0.08872174406961705  0.056539657585170516  0.040052276329589194  0.04226906005566929  0.0395367897567196  0.039418091156542746  0.2890328931820632  0.042114395986006095  0.039418091156542746  0.14825837795386937  0.03951137317368088  

$t$ is always fresh and hot - ready to eat !
food
food  
is  always  fresh  and  hot  -  ready  to  eat  !  
0.033816069872832054  0.1938216968952622  0.2140362097577852  0.03024476030513596  0.06291654708004836  0.07019810307446378  0.10773522036041426  0.07171507606743663  0.06331490655970794  0.15220141002691356  
0.08660594777767619  0.09751559448245328  0.20402180453407207  0.08656728365568883  0.08694869063120254  0.08704841073312414  0.08773982106135818  0.0870701887276173  0.08695395477054811  0.0895283036262594  
0.07678487607265864  0.09936354568894154  0.27467921889530034  0.07670444219596126  0.07749788590282936  0.07770532991778185  0.07914352957465777  0.0777506334879941  0.07750883676159152  0.0828617015022836  
0.0846335421081636  0.09749364174325431  0.21881562968437074  0.08458794024125765  0.0850377850996155  0.08515539825422237  0.08597086355754963  0.08518108391230514  0.0850439938017792  0.08808012159748192  
0.06493774335284751  0.11516611059632298  0.3385625245587629  0.06475304261189567  0.06657492241735478  0.0670511702308124  0.07035097389300231  0.06715517101255378  0.0666000644403115  0.07884827688613638  
0.06096079645956501  0.1272605192523511  0.3486538516978289  0.060709122657603344  0.06319143223118451  0.0638401843916996  0.06833186063342174  0.06398184444655362  0.0632256830637567  0.07984470516603562  
0.06145060953929474  0.12553087680825223  0.34784695284252903  0.06120857613710551  0.06359583159664385  0.06421976344772899  0.06854014159956384  0.06435600566103301  0.06362877171909345  0.07962247064875536  
0.06600452876565889  0.11264519694552161  0.3345945030993549  0.06583399940152015  0.06751611373670534  0.06795584077749711  0.0710029689076612  0.06805186756037829  0.06753932754488368  0.07885565326081893  
0.06001004675784172  0.13081131412143568  0.3498463747608764  0.05973836732086901  0.06241791791201141  0.0631181632717876  0.06796498219266502  0.0632710625657178  0.06245488814011261  0.08036688295668287  

did i mention that the $t$ is outstanding ?
coffee
coffee  
did  i  mention  that  the  is  outstanding  ?  
0.18751209101269437  0.1627909082931234  0.19166823401323183  0.04081484086249073  0.030161903822252315  0.0398302247463535  0.19183678681543084  0.15538501043442304  
0.06957602710444728  0.059064382294870384  0.24152561560287447  0.057537879630319554  0.05750824702263262  0.057535064102597344  0.3985655379230596  0.0586872463191989  
0.08388621636465066  0.054331981685314  0.29811444789782526  0.04990905909367123  0.049823147827449614  0.04990089628183143  0.36079414285996675  0.053240107989291054  
0.06983693368839804  0.058505165412740166  0.24712937299553003  0.0568584421378639  0.056826475415270236  0.05685540483539137  0.3958898714884876  0.05809833402631868  
0.08851614780019272  0.05421645774938007  0.3020362002382887  0.049021729748423136  0.04892079803353631  0.04901213977972504  0.3553420194334101  0.05293450721704399  
0.0820399714029469  0.054437531169994606  0.2959401837172119  0.0503248554462731  0.050244978446276074  0.05031726597614968  0.36327309376700256  0.05342212007414522  
0.09112165218020767  0.054221222428132244  0.30354832290400063  0.04859176934900525  0.04848237095025271  0.048581374925218794  0.3526209788444814  0.05283230841870132  
0.07318344086812341  0.05600095037264699  0.2744640787880479  0.053487677682421554  0.05343888335655204  0.053483041514027475  0.38056179953363867  0.05538012788454196  
0.08839232445031193  0.05421732061868527  0.3019537120088833  0.0490432145249422  0.04894268432213632  0.049033662705600355  0.3554766354312629  0.05294044593817769  

certainly not the best sushi in new york , however , it is always fresh , and the $t$ is very clean , sterile .
place
place  
certainly  not  the  best  sushi  in  new  york  ,  however  ,  it  is  always  fresh  ,  and  the  is  very  clean  ,  sterile  .  
0.07361582965559177  0.07403222499540925  0.0106077025475989  0.07423298350919588  0.05476510902978678  0.024571786536810546  0.02725176817541548  0.049825425215988005  0.02800022228292976  0.06666932040005374  0.02800022228292976  0.01991270914065487  0.011916028110727922  0.06771607836827476  0.07366866140922099  0.02800022228292976  0.01045854393797423  0.0106077025475989  0.011916028110727922  0.06808256300076795  0.07414595024555022  0.02800022228292976  0.07285333042183227  0.011149365509100694  
0.0893705925115514  0.11484167567098459  0.018666398894006217  0.13350783204760752  0.021986005323789203  0.019135447519650985  0.019247631342555374  0.021056800753662928  0.019280922456451723  0.028967858647711717  0.019280922456451723  0.018961899697058537  0.018705657964028195  0.030724966347263533  0.09191351147555644  0.019280922456451723  0.018661936852221846  0.018666398894006217  0.018705657964028195  0.03147054193842217  0.12471263404581073  0.019280922456451723  0.06489024190413184  0.018682620380145728  
0.0852715666283101  0.11452164055398671  0.01946815988265148  0.13806957664876726  0.02217862166193524  0.019850791043408634  0.01994231142212505  0.02141908579342552  0.019969471160429256  0.027932739867852895  0.019969471160429256  0.01970921454882284  0.01950018516346178  0.029398858291937443  0.08804681145054774  0.019969471160429256  0.019464520008046358  0.01946815988265148  0.01950018516346178  0.030023593842081968  0.1267460100193663  0.019969471160429256  0.06012869105470929  0.019481392430733123  
0.07804172562231328  0.1122854709967335  0.020795550579740935  0.14494993185190447  0.022797030408204518  0.021077878475245254  0.02114541086046928  0.02223563789450612  0.02116545225399429  0.02708189652546035  0.02116545225399429  0.020973413070476316  0.02081918029678765  0.028186452312313735  0.08101664975137253  0.02116545225399429  0.02079286491452702  0.020795550579740935  0.02081918029678765  0.02865907553168869  0.12863197139748847  0.02116545225399429  0.05342800546109104  0.02080531415717123  
0.09351870410975854  0.11412868729493839  0.017722479506427594  0.1277934416748905  0.022034362925309935  0.01833294011157136  0.01847892693440873  0.0208302866101873  0.018522247099261275  0.03093353430704644  0.018522247099261275  0.018107081046409013  0.017773577194808262  0.03312076718476707  0.09569401360933506  0.018522247099261275  0.017716671926215344  0.017722479506427594  0.017773577194808262  0.034041712181304536  0.12148886012984221  0.018522247099261275  0.07095531554308983  0.017743592611408805  
0.09034902865486084  0.11478914658389505  0.018461196081419246  0.1322958718049962  0.02196725045913478  0.01895674979195499  0.019075270437564122  0.020986242426423475  0.019110441752067265  0.02931757055352071  0.019110441752067265  0.01877339655439286  0.018502673940238995  0.031159759418254013  0.0928198433850222  0.019110441752067265  0.018456481859655482  0.018461196081419246  0.018502673940238995  0.031940355041056176  0.12408690598504922  0.019110441752067265  0.06617828564057596  0.018478334352058347  
0.0846458666006076  0.11440696982265185  0.019585371629152377  0.13871218730055818  0.02222021325069785  0.019957291675917397  0.020046250636737657  0.02148178066759886  0.0200726503064321  0.02781953886264062  0.0200726503064321  0.019819678059696946  0.019616500344540308  0.029248204708522046  0.0874481020929466  0.0200726503064321  0.01958183365497441  0.019585371629152377  0.019616500344540308  0.029857277229953117  0.1269875448354408  0.0200726503064321  0.059474681703503285  0.019598233724439102  
0.08551221343489881  0.11456145865161961  0.019422825188796063  0.13781931506466674  0.022163352611151498  0.019809715908492596  0.019902254888352535  0.021395428620625018  0.019929716882080797  0.027978876130896276  0.019929716882080797  0.019666563478718542  0.019455207014614704  0.029459806675525817  0.08827653063853652  0.019929716882080797  0.019419144790553882  0.019422825188796063  0.019455207014614704  0.030090730283348698  0.12664874244199384  0.019929716882080797  0.06038472938738771  0.0194362050580871  
0.09012083829980093  0.11480663833883183  0.018509737804251674  0.13258413720786993  0.02197039205252112  0.01899883495404366  0.019115812009244833  0.021001992113513217  0.01915052532922299  0.029231323616504736  0.01915052532922299  0.018817870262602066  0.01855067516716546  0.031052972752695012  0.09260914205700393  0.01915052532922299  0.018505085013421945  0.018509737804251674  0.01855067516716546  0.03182512794564128  0.12423874522136645  0.01915052532922299  0.0658715081486177  0.018526652746595075  

i trust the $t$ at go sushi , it never disappoints .
people
people  
i  trust  the  at  go  sushi  ,  it  never  disappoints  .  
0.06816039376505084  0.09853855393553444  0.051918138279617033  0.054536066972079966  0.056680123815202134  0.07547308334805997  0.056328960705720514  0.05403997034533317  0.11524549940212242  0.31704457775711614  0.05203463167416342  
0.08967818994520785  0.09012568379013454  0.0894537202807585  0.08948964586743607  0.08951910045135736  0.08978159852909785  0.08951427322323255  0.08948283577328149  0.09039902676215077  0.10310060684295391  0.0894553185343891  
0.07106125125827156  0.08321588304487768  0.06491682296306191  0.0659009134781172  0.06670766545833093  0.07388483133234522  0.06657545704165646  0.06571437376646452  0.09052754587879604  0.28653465176267434  0.06496060401540416  
0.08605290002803669  0.0878619089951687  0.0851453780168346  0.08529062503091955  0.0854097096582849  0.08647096344090002  0.08539019323102644  0.085263091855378  0.0889666543511698  0.13899673564025913  0.0851518397520222  
0.069425445483838  0.0849515377816236  0.06153075073998067  0.06279588889922169  0.0638329549026514  0.0730462382234075  0.06366301158272696  0.06255608106138981  0.09419252625825048  0.30241852877921255  0.06158703628769735  
0.07683946522740699  0.083202882786795  0.07364186389735768  0.07415370671419089  0.07457334618140779  0.07831173092220911  0.07450457352980701  0.07405668183241386  0.08707563518490256  0.22997547891523132  0.07366463480827769  
0.07620169132489245  0.08300801393186233  0.07278053248712692  0.07332817455881727  0.07377716274965457  0.07777674403379928  0.07370358043945813  0.07322436368595747  0.08714786753184517  0.23624697319899837  0.07280489605758814  
0.07564780467847725  0.08286333844454684  0.07201989548791192  0.07260064832936927  0.07307678084378563  0.07731788735425899  0.07299875016431177  0.07249056110936442  0.08724950098162813  0.24168910049149236  0.07204573211485349  
0.07289948432386195  0.08262112216265247  0.06800026389754388  0.06878469185273374  0.06942778888956821  0.07515314256483017  0.06932239719455233  0.0686359973977491  0.08850394838090446  0.26861600145756886  0.06803516187803478  

straight-forward , no surprises , very decent $t$ .
japanese food
japanese  food  
straight-forward  ,  no  surprises  ,  very  decent  .  
0.17390950595156313  0.06636416219633685  0.15962539827905453  0.17387506170660413  0.06636416219633685  0.1597562942636536  0.17393263723086572  0.02617277817558515  
0.25760142006158293  0.044002758760298945  0.045028883925497566  0.20205410456056117  0.044002758760298945  0.04503974224729042  0.318316883952761  0.04395344773170898  
0.2666087422418561  0.04014632122912106  0.04237972050209693  0.23495198563976866  0.04014632122912106  0.04240334351736516  0.29332459741686334  0.04003896822380756  
0.2670334974330664  0.03982717864986737  0.04228757891602268  0.23785638682127072  0.03982717864986737  0.04231359973357046  0.29114567336697184  0.039708906429363144  
0.2670336054073881  0.03767758841949407  0.044614387834960016  0.2558674156234943  0.03767758841949407  0.04468739731748795  0.2750987797803406  0.037343237197340916  
0.2643473048910152  0.037047577568824624  0.049095167251547805  0.2579658252228302  0.037047577568824624  0.04922065920603134  0.26881251603559314  0.03646337225533315  
0.26572830371972933  0.037292542801728765  0.0468351772140061  0.2576147486474475  0.037292542801728765  0.04693514242561441  0.2714701941066167  0.03683134828312849  
0.2670884188070155  0.03770134985815275  0.04451605939384794  0.25572527693496466  0.03770134985815275  0.04458779736487948  0.27530682946293317  0.03737291832005371  
0.2645143203431186  0.03707276661992994  0.04882375747568799  0.25796490739753536  0.03707276661992994  0.048946249130934476  0.2691020423063963  0.036503190106467305  

best spicy tuna roll , great $t$ .
asian salad
asian  salad  
best  spicy  tuna  roll  ,  great  .  
0.21801598269763736  0.20877962257684188  0.1548387688428793  0.06543219883695046  0.10205753915670927  0.21635229695401836  0.03452359093496328  
0.3919357576540067  0.11949760027036024  0.06188405210098674  0.05530211094359126  0.05683650833373439  0.260151294963827  0.054392675733493726  
0.3492357969706454  0.15530735101988394  0.06246275219546784  0.049779072928623526  0.052751127733559146  0.2824480105747995  0.04801588857702067  
0.34022185523698556  0.16450514720435064  0.06351765032044354  0.04879946258939265  0.05225712695185765  0.28395158688941563  0.04674717080755443  
0.32250276027345864  0.18327779331948113  0.06717188211809896  0.047145277071801814  0.05189109772290212  0.2836877917710746  0.044323397723182556  
0.3005771167233736  0.20509400613803247  0.07604641515184415  0.045855162511902615  0.05318587040866896  0.2777696733640989  0.041471755702079345  
0.2984389355421006  0.20695853772321235  0.07725880998800487  0.04579412091275608  0.05346263310302291  0.27688254276815366  0.04120441996274958  
0.3034276381090545  0.20251001014173123  0.0745374790712908  0.04595769279806083  0.05286589518971148  0.2788697920815383  0.041831492608613  
0.30323106571454816  0.20269156694716423  0.07463769408974184  0.045949880026264586  0.052886238327511936  0.2787969883193782  0.04180656657539096  

best $t$ , great asian salad .
spicy tuna roll
spicy  tuna  roll  
best  ,  great  asian  salad  .  
0.2574892377502698  0.11326416216704108  0.25525333558727864  0.12245009239572482  0.21148715090761208  0.04005602119207367  
0.464744481645112  0.06715455247132159  0.25800964588830566  0.06748912711590016  0.07722996433371021  0.06537222854565028  
0.3797999297620492  0.0612922352385816  0.3348805372474561  0.06298831897843872  0.10883712877351116  0.05220184999996341  
0.3922786105419018  0.060868475412942755  0.33229039618468387  0.06217355019344686  0.09849639020329662  0.053892577463728046  
0.3416498660233328  0.06681921876173313  0.3235328416586595  0.07035175369409127  0.15021668040212496  0.04742963946005847  
0.3564908701142309  0.0638496474509955  0.3307216140300036  0.06655052603201767  0.13316842898132308  0.0492189133914291  
0.3440728198547815  0.06625582022574285  0.3248867964122573  0.06964240800500848  0.14742626746667098  0.047715888035539104  
0.3396132979075446  0.06731790352863604  0.32234782310042887  0.07097614297134297  0.15255396027563006  0.04719087221641737  
0.3419985898270919  0.0667361475184196  0.32373152820355094  0.0702474348932286  0.14981560682934628  0.04747069272836263  

try the $t$ -lrb- not on menu -rrb- .
rose roll
rose  roll  
try  the  -lrb-  not  on  menu  -rrb-  .  
0.20097406801205014  0.029338945587256658  0.19453749792162991  0.20112661722978298  0.04103375596608702  0.11754299664164755  0.18410818815540414  0.03133793048614174  
0.21866504176284446  0.08522649399517687  0.09829622858717006  0.25121514447765597  0.08527853997044971  0.08586182500132576  0.09022148728336009  0.08523523892201708  
0.2960224616778424  0.049718963205365854  0.11446120070835483  0.31052122714060737  0.050001686756599995  0.05316883415896896  0.07633915887833771  0.04976646747392285  
0.23123606707407723  0.08023713065776013  0.09575019924027933  0.2650670495998188  0.08029896998416158  0.08099200806408283  0.08617105428559761  0.08024752109422237  
0.27446308525889207  0.06318144975625228  0.09287056313247209  0.3036832265756056  0.06330126845602785  0.0646440302383428  0.07465479450751868  0.06320158207488857  
0.24749992630631398  0.07387659227585064  0.09325467127791386  0.28140057954920694  0.07395401298137898  0.07482166671479615  0.08130295014955065  0.07388960074498882  
0.23504343248250353  0.07874070120410501  0.09507368996841012  0.2690584746530268  0.07880583579500013  0.0795358032436322  0.08499041733202334  0.07875164532129886  
0.26096990896571715  0.06861638468336996  0.0922237067061838  0.2933857793832259  0.0687110245146244  0.06977164118593555  0.07768926819557126  0.06863228636537208  
0.2555400285068131  0.07074370787600917  0.09249201935328093  0.28873802815556465  0.0708307537262093  0.07180627083676337  0.079090857952584  0.07075833359277538  

try the rose roll -lrb- not on $t$ -rrb- .
menu
menu  
try  the  rose  roll  -lrb-  not  on  -rrb-  .  
0.14331696807317795  0.03814307371822521  0.13091319894959863  0.11433694164738593  0.14296693171573843  0.1433250114534994  0.09168280413750567  0.14235137527019961  0.05296369503466927  
0.27084591395008073  0.039888758089637426  0.044313435950519904  0.04147095295949786  0.15170622022385494  0.27610425450914516  0.04052834150336755  0.09514589671999422  0.039996226093902305  
0.2419253788310265  0.06501252321360797  0.06560389514294328  0.06522380093944362  0.08632967959031876  0.2725796890263818  0.06509791922386243  0.07320024231296993  0.06502687171944593  
0.21241698435691966  0.07485338713654892  0.07524072007437814  0.07499176785587001  0.08888680198267691  0.24361764806050115  0.07490931898895327  0.08022058656338281  0.07486278498076915  
0.2510227598648587  0.06194581680449591  0.06263104709065442  0.06219062777007069  0.08656344511656698  0.280211488805714  0.06204476660192421  0.07142760528388967  0.0619624426618254  
0.2306133805409149  0.06877720313238124  0.06927723409686441  0.06895584733102372  0.08684972555396618  0.26218453920091356  0.06884940902681651  0.07570332572446792  0.06878933539265164  
0.23333807688876834  0.06787182538600833  0.06839193099368494  0.06805764166069285  0.08665992226391589  0.2647738449337073  0.06794693015414027  0.07507538299479569  0.06788444472428624  
0.22210422763804474  0.07160894872575754  0.07205227677877864  0.07176733471102778  0.08765355130498209  0.2537699987408572  0.07167296647793543  0.07775099043424682  0.07161970518836973  
0.23101707063820778  0.06864305789952327  0.0691459973646846  0.068822741218678  0.08681933668145383  0.2625714698892387  0.0687156837949209  0.07560938178359908  0.06865526072969384  

i love the $t$ , esp lychee martini , and the food is also very good .
drinks
drinks  
i  love  the  ,  esp  lychee  martini  ,  and  the  food  is  also  very  good  .  
0.04441881663081919  0.14310868839848084  0.021613047400658957  0.028144930627367355  0.08344669856827532  0.15686954755105703  0.10378683687666042  0.028144930627367355  0.021565276591016765  0.021613047400658957  0.02456241054255302  0.022033325201930933  0.02187699007998027  0.09947823281258733  0.15755050986957775  0.02178671082100837  
0.05288550397796491  0.05808321001527327  0.052722400970435665  0.05276639965325239  0.05332923013640402  0.10836550507905855  0.05379091642360199  0.05276639965325239  0.052722081527717256  0.052722400970435665  0.052742157732876216  0.052725211575032405  0.05272416602529484  0.053667268247279264  0.1452635857264269  0.052723562285694414  
0.034909696171065506  0.10194916748515112  0.03225222760694631  0.03296947321596314  0.04207784790453795  0.21020870962290858  0.04934446988632462  0.03296947321596314  0.03224701997412985  0.03225222760694631  0.0325743039987229  0.03229804674753907  0.03228100195374868  0.04742280371328435  0.22197237124891925  0.032271159647849254  
0.03682293804321902  0.07957183880143888  0.03535617248167251  0.035751899410160645  0.040804049738165024  0.20672131548618974  0.04491494018335915  0.035751899410160645  0.03535329936161529  0.03535617248167251  0.035533867595184086  0.03538145151654389  0.03537204767287692  0.043818192647646664  0.22812329762940722  0.03536661754068775  
0.03561738447069153  0.14459347044906506  0.025585376930042997  0.02831922959782957  0.05976824221496457  0.18343600010369326  0.0791281244110391  0.02831922959782957  0.02556550888994538  0.025585376930042997  0.02681389331842004  0.02576018349038943  0.02569515560967853  0.07446284104860029  0.18569237714669268  0.025657605791075015  
0.034115558661568804  0.1306217689847124  0.02864373979603382  0.030123685744669598  0.048440242694595764  0.19990736193299857  0.06192235192600304  0.030123685744669598  0.02863299244928772  0.02864373979603382  0.029308402341679272  0.028738299710935254  0.028703123318286634  0.05847020457713167  0.20492203120626976  0.028682811115124156  
0.038302280749976686  0.14645092558086764  0.023723201966218913  0.027747793391741864  0.06972838807628136  0.1715097550021321  0.09108854783688602  0.027747793391741864  0.02369391166749934  0.023723201966218913  0.02553372696991775  0.02398090545321611  0.02388504102665724  0.08621300471025273  0.17284183795107594  0.023829684259315587  
0.03443866600188539  0.13832649872923683  0.027316423417908114  0.029246831613527934  0.05260371082043447  0.1933660150332768  0.06878205563475737  0.029246831613527934  0.0273024020005827  0.027316423417908114  0.028183529237243817  0.027439789820668033  0.027393897448825616  0.0647295807464991  0.19693994707763324  0.027367397386084513  
0.03575618829060687  0.14489762968984815  0.025449023742557773  0.028259621723154653  0.06041885789075163  0.18260085999546669  0.07998964599725941  0.028259621723154653  0.02542859662388333  0.025449023742557773  0.02671209100413564  0.025628749173507766  0.025561891509772627  0.07529020444405987  0.1847747093712944  0.025523285077988664  

i love the drinks , esp $t$ , and the food is also very good .
lychee martini
lychee  martini  
i  love  the  drinks  ,  esp  ,  and  the  food  is  also  very  good  .  
0.07880600703164434  0.151737571936487  0.021780303527515418  0.10910032160751511  0.042228723367201286  0.12225183682922065  0.042228723367201286  0.02162270539836875  0.021780303527515418  0.031367076896943395  0.023165796647401198  0.02265070457039124  0.13257983736265727  0.15634700888360462  0.022353079046333015  
0.043872079560202296  0.1735447557986477  0.03566638292766854  0.05489776786018895  0.037888228463752734  0.06505275675563546  0.037888228463752734  0.03565024622050916  0.03566638292766854  0.036664323216655664  0.035808360680869594  0.03575554483968012  0.07949652678291104  0.25642336858632875  0.0357250469155288  
0.04381417435424384  0.15903853616370212  0.037997734296497464  0.05174027407587999  0.03956946121363107  0.05922846995636909  0.03956946121363107  0.037986321393483284  0.037997734296497464  0.03870357101974449  0.038098150148821064  0.038060795318824336  0.07028719424641242  0.269868897086521  0.03803922521574146  
0.04377547049046564  0.1696406719941206  0.03638428306446532  0.05376012503812266  0.03838400789719934  0.06304325439789554  0.03838400789719934  0.03636976064703174  0.03638428306446532  0.037282406171399905  0.036512057685925234  0.03646452539613564  0.07642576046704007  0.2607523073725548  0.03643707841597888  
0.045234053273148486  0.12298067958177214  0.04229110027328188  0.049285171469821976  0.043085282776715646  0.05319066089030757  0.043085282776715646  0.04228533410525609  0.04229110027328188  0.04264772138484958  0.04234183366855054  0.04232296076248098  0.05915634515883299  0.28749041076826404  0.04231206283672034  
0.04377837901397189  0.16983918623889246  0.03634999934255677  0.05381094519721863  0.03835985452899086  0.06313475775955027  0.03835985452899086  0.03633540331017018  0.03634999934255677  0.03725267444130065  0.03647842165695087  0.03643064842580568  0.0765678204216963  0.26054899347520866  0.036403062316139184  
0.04376673037568316  0.1626207259482118  0.03749100613654691  0.05229895162807258  0.03918738692187727  0.06032478500758992  0.03918738692187727  0.037478687711866104  0.03749100613654691  0.0382528402638918  0.03759938914583436  0.037559070531296285  0.07209793657026496  0.2671083076795966  0.03753578902084406  
0.043850298578412224  0.15710963695008937  0.03825907979556845  0.05147759842913586  0.039769725930741844  0.05869814850752732  0.039769725930741844  0.03824811056938103  0.03825907979556845  0.03893747913013466  0.03835559199166599  0.03831968932357671  0.06939573156422162  0.2712511457470077  0.038298957756226944  
0.04392436285664125  0.1538944240859126  0.03868018568230472  0.0510893341903056  0.04009676817855514  0.057892526885341876  0.04009676817855514  0.038669899675472935  0.03868018568230472  0.03931633357363491  0.03877068662268094  0.03873702014534922  0.06801997958141971  0.27341394481905107  0.038717579842470415  

i love the drinks , esp lychee martini , and the $t$ is also very good .
food
food  
i  love  the  drinks  ,  esp  lychee  martini  ,  and  the  is  also  very  good  .  
0.07203222278514487  0.1136407396060732  0.016402352428500112  0.09181470415332568  0.04004825215775684  0.09916047821455  0.11560769914595313  0.10570613981767593  0.04004825215775684  0.01620665837882799  0.016402352428500112  0.01812034503214432  0.017482299988834934  0.10451664713806738  0.11569762805710285  0.0171132285097858  
0.04421319811737891  0.05817932711453804  0.043771767037189394  0.04482262752374364  0.043890848384905146  0.045413964055424846  0.15975394801439763  0.046662756301916915  0.043890848384905146  0.0437709024728445  0.043771767037189394  0.043779373873622435  0.04377654411741537  0.04632838731684765  0.20419883013755166  0.043774910110129114  
0.03485195316463892  0.09902892206393134  0.03235550322882616  0.03828620000349594  0.0330292485092955  0.04159241424204383  0.2092240425096233  0.04844461125346881  0.0330292485092955  0.032350611460941606  0.03235550322882616  0.032398543247105616  0.03238253229066921  0.04663017320534487  0.22166720612072513  0.03237328696176809  
0.038634020778537746  0.06856127290747122  0.03765455819938868  0.03998573867656429  0.03791879178532016  0.041296192162311195  0.19628593913684966  0.04405743558443092  0.03791879178532016  0.03765263978143256  0.03765455819938868  0.03767143732607219  0.03766515826214256  0.043319117145643515  0.2260628157739211  0.037661532495205464  
0.03453169233586893  0.140618585414624  0.0255061247184055  0.04630623530332504  0.027961381823977453  0.05664689640733104  0.18237849601797632  0.07492082108424832  0.027961381823977453  0.025488284587191625  0.0255061247184055  0.0256630892433586  0.02560469850560073  0.07046952375137111  0.18486568296537279  0.02557098129896557  
0.03375836750593208  0.1330272069938998  0.02757583616822305  0.04207562371669464  0.029249572334006217  0.049752094854723004  0.19397223459862795  0.06441907052442562  0.029249572334006217  0.02756368044896335  0.02757583616822305  0.027682787479279526  0.027643001498584834  0.06070280663470617  0.19813228121325502  0.027620027526449414  
0.03532709920652193  0.1421910552850811  0.024498555374443  0.0491077755047233  0.027456892619260778  0.060781850885500414  0.1761253641718776  0.08040970037521782  0.027456892619260778  0.024477050210772976  0.024498555374443  0.02468776547802471  0.024617379630645697  0.07574282403446016  0.17804450341694544  0.024576735812821104  
0.0337043905250783  0.1281177672665643  0.02845177333761336  0.04082442164876677  0.029872196833243783  0.047485223695849746  0.19820163782075198  0.06051951932210107  0.029872196833243783  0.028441458401282736  0.02845177333761336  0.028542528727382804  0.02850876761857765  0.05717525072754227  0.20334182124732178  0.028489272657066158  
0.03490818699482625  0.1416130287906036  0.024977926401242575  0.047708856819562606  0.027684764116272874  0.05875278720093747  0.17914119746840362  0.07778525605413183  0.027684764116272874  0.02495825414981697  0.024977926401242575  0.025151010292145327  0.02508662325593699  0.07320576220036983  0.18131421225850936  0.025049443479725233  

in fact , this was not a $t$ and was barely eatable .
nicoise salad
nicoise  salad  
in  fact  ,  this  was  not  a  and  was  barely  eatable  .  
0.0546163707180961  0.14929338424146765  0.06219261554142928  0.077065763162506  0.032197019357073565  0.1717245235883953  0.026423539827924624  0.024187724537934257  0.032197019357073565  0.1721388307558741  0.17230631589772843  0.0256568930144973  
0.035126689782127234  0.04413346591217274  0.03529147851837742  0.0356798336646141  0.03471938234677313  0.19270670143747123  0.0346260437075641  0.03459036881719187  0.03471938234677313  0.23155219334087523  0.25224066498201847  0.0346137951440414  
0.041225582629385145  0.04365474719227464  0.04126978054598954  0.0413739499268935  0.041116344609884295  0.13077100239693834  0.04109131221731666  0.04108174462235713  0.041116344609884295  0.20905698482275326  0.28715417913326613  0.04108802729305699  
0.05324737814851234  0.053864893011082396  0.0532586100518294  0.05328508246754991  0.053219617846579734  0.0813850696232108  0.0532132564542862  0.05321082507585697  0.053219617846579734  0.1338513181689764  0.30503190963722104  0.05321242166831494  
0.05337789140912812  0.053987613108684614  0.053388981559203075  0.053415119877568855  0.05335048145866324  0.081174353470372  0.05334420035092123  0.05334179965793307  0.05335048145866324  0.13317427495677575  0.30475142659164156  0.05334337610044515  
0.04495473021914503  0.046447755658395144  0.04498188922407903  0.04504590006190835  0.04488760510646703  0.10734804952488074  0.044872223093256204  0.04486634395636689  0.04488760510646703  0.18582465595423928  0.3010130375359342  0.04487020455886113  
0.043860019008432095  0.04556625212284466  0.04389105760920827  0.043964212194909945  0.04378330521566388  0.1132591954962817  0.04376572591172852  0.043759006951473424  0.04378330521566388  0.19301586659450032  0.2975886346457028  0.04376341903359044  
0.049463958924997976  0.05036855512454469  0.049480412836214425  0.04951919296543401  0.049423292120339905  0.08977032313952173  0.0494139731468669  0.049410411355648595  0.049423292120339905  0.1559132268540597  0.3084006111654364  0.04941275024659585  
0.0474071116919409  0.048535086460325096  0.04742762914883706  0.047475986610705234  0.04735640158665939  0.09657324602885224  0.047344781146564985  0.047340339715128285  0.04735640158665939  0.16937677569466084  0.30646298409777845  0.047343256231888106  

while there 's a decent $t$ , it should n't take ten minutes to get your drinks and 45 for a dessert pizza .
menu
menu  
while  there  's  a  decent  ,  it  should  n't  take  ten  minutes  to  get  your  drinks  and  45  for  a  dessert  pizza  .  
0.051408857653296766  0.05300027070181626  0.039148594559132846  0.023432902675258986  0.05506895631481131  0.04992139643213488  0.04558647542871991  0.05458196184532819  0.05501728412739356  0.05071156082954626  0.05502806028979403  0.049821480956675136  0.049520800753365936  0.04366269884074075  0.015847438534966434  0.05441741921362084  0.012840481679510449  0.04132302918251297  0.046980854691058685  0.023432902675258986  0.05483310834285502  0.05406707485368377  0.020346389418518088  
0.02802002365018167  0.03607032212693046  0.01915719281417762  0.017773251071062413  0.12742159400731784  0.024773430491078004  0.021004241979458046  0.0726337386743321  0.11773772561675776  0.026235541494280836  0.11963382202392883  0.024618726668626422  0.02418564754167776  0.02023691487807888  0.017483972103371045  0.06403112701191252  0.017392641215924858  0.01958994239239408  0.0217845253790081  0.017773251071062413  0.09279401149073575  0.05200577366672491  0.01764258263097783  
0.029950102734832656  0.03059054419617765  0.02930768086928249  0.02921026491605662  0.21528181978007757  0.02970939635841823  0.029438341699948495  0.0353542308839797  0.07966595139212553  0.0298168163731559  0.08949671749774185  0.029698115322538264  0.029666615651726704  0.029383939094495295  0.029189926579948376  0.033786096707091214  0.02918350599198369  0.029338209780706132  0.02949388577270969  0.02921026491605662  0.04186948989932728  0.03215700603486285  0.029201077546757295  
0.03209796001296599  0.0323669091706727  0.03182824425127894  0.03178734728729011  0.23397299899804525  0.03199689653123238  0.0318830984637528  0.03437411915923678  0.05563054764919004  0.03204199716606804  0.06141787424037449  0.031992160230651094  0.031978935283975975  0.03186025899798044  0.03177880890483801  0.03371152659848052  0.03177611343223522  0.03184106088154261  0.03190641731233412  0.03178734728729011  0.03716056741413146  0.03302532045469906  0.031783490271733605  
0.03068395431292927  0.031181610073821805  0.030184820403011067  0.030109134642738695  0.22188164704619126  0.030496931407604476  0.030286335661777023  0.034889406915109604  0.07136458970854835  0.030580393209570754  0.08015080543066058  0.030488166488655932  0.03046369255689231  0.030244068171806974  0.03009333311393596  0.03366717472466099  0.030088344746266833  0.030208539393426954  0.030329490159936245  0.030109134642738695  0.03999705654981656  0.03239937396977707  0.030101996670122505  
0.030860632976184518  0.03132682538078861  0.03039306602400822  0.030322167261063664  0.22343752088871816  0.030685437297816514  0.030488160683632887  0.03480125471998714  0.06937679236435958  0.030763620871495236  0.07785564416826982  0.030677226695457326  0.030654300570898886  0.030448566498352557  0.030307365154896505  0.033655661075781954  0.03030269229394674  0.030415284835228977  0.03052858580251928  0.030322167261063664  0.03959385653907269  0.03246768988215621  0.030315480754300683  
0.03082262996324992  0.03129550694972689  0.03034835660341219  0.030276440848486835  0.22310388856319296  0.030644921573993157  0.030444815313109313  0.034819535215182884  0.06980394157901838  0.030724226511917994  0.07835066286613189  0.03063659320680973  0.030613338250076314  0.030404653186583443  0.0302614264161954  0.03365764809222376  0.03025668652622767  0.030370894126078917  0.030485820286720023  0.030276440848486835  0.03967920380204297  0.032452710842781486  0.03026965842835119  
0.0315570772656085  0.031907871074210344  0.031205271989289338  0.03115192738677415  0.22945094325090815  0.0314252553936328  0.0312768218700839  0.034524659451198175  0.061596096085403104  0.03148408245132068  0.06866893123719109  0.0314190775814207  0.031401827557697055  0.03124703089999708  0.03114079020966113  0.033661186213742235  0.031137274326350932  0.031221989555837458  0.031307238099962234  0.03115192738677415  0.03814928479370094  0.032766539492972466  0.031146896426263584  
0.031011458458286813  0.03145154871196039  0.03057007797642748  0.0305031502230657  0.22475609428267856  0.030846074214434454  0.030659846475697715  0.03473221116225159  0.0676839314475072  0.03091987918715667  0.075884094965278  0.030838323448340157  0.030816681313646226  0.030622469912694468  0.030489177178351607  0.033650295788433024  0.03048476604296236  0.030591052326645746  0.03069800745175989  0.0305031502230657  0.03926226839291513  0.03252860259096656  0.030496838225474665  

while there 's a decent menu , it should n't take ten minutes to get your $t$ and 45 for a dessert pizza .
drinks
drinks  
while  there  's  a  decent  menu  ,  it  should  n't  take  ten  minutes  to  get  your  and  45  for  a  dessert  pizza  .  
